# 复杂函数 LBFGS 测试参考值

INITIAL:
x0 = 1.500000000000000
x1 = -1.000000000000000
loss = 0.765493003751983
grad0 = 0.485903229574865
grad1 = 0.540907251116556

STEP1:
x0 = 1.249905379460056
x1 = -2.546379740673099
loss = 0.765493003751983
grad0 = -0.000004986180565
grad1 = 0.000003329874891

STEP2:
x0 = 1.249905379460056
x1 = -2.546379740673099
loss = 0.009920922180729
grad0 = -0.000004986180565
grad1 = 0.000003329874891

STEP3:
x0 = 1.249905379460056
x1 = -2.546379740673099
loss = 0.009920922180729
grad0 = -0.000004986180565
grad1 = 0.000003329874891

